100
9971849
4936439
8697851
3323191
11
9999991
6697461
9309119
9999972
140839
12
9325574
615403
9999930
3
2
3132736
1507483
1144
4170220
6
1
4125389
9299449
4461642
4
7762723
7742461
7783893
9999162
7203246
6716541
13
6537523
5103067
8248729
983469
9999931
3023326
8603593
3702389
9987391
9999999
9
8763892
9516811
3855409
1750607
8291470
9999995
2360890
3910981
8184167
6735763
3410821
9999997
390548
9999163
9999973
5094841
3191803
2196613
8
6513281
3877633
6865010
1481717
6987083
9682616
4461641
9999998
1264969
86293
10
9999929
4572049
2872729
4751053
9010879
9999161
1403870
4461643
2295773
4046177
7
8460583
8873129
6704676
3929879
2896297
5001361
592432
9999971
10000000
1221469
1862603
9999996
1281246
5388168
5
